864	34.6812
27.5464	25.0508	2.88708
3.96627	0.832404	12.8762
0	0	6.93624
0.352035	30.9698	32.5224
3.47883	31.2529	11.1389
0	0	17.3406
0	0	20.8087
31.6097	29.5885	21.7811
0	0	27.745
0	0	31.2131
0.427033	3.21154	33.2566
30.6186	8.00354	33.0689
31.2082	11.9601	9.48474
0.110705	31.1389	4.76104
34.4378	3.05599	12.575
34.1327	4.16371	15.9791
0	3.46812	20.8087
4.53954	31.2202	27.3147
34.5869	3.53219	27.8937
0.0325312	5.61454	30.7367
3.24768	0.899496	4.26182
33.0569	6.05417	3.76016
30.8767	19.5012	33.3037
6.8112	10.4943	17.5408
0	6.93624	13.8725
31.6141	8.41526	25.6057
0	6.93624	20.8087
0	6.93624	24.2768
0.0356799	6.71436	27.7468
6.44144	34.0112	9.81928
33.6709	6.78131	34.6347
27.3118	15.2614	3.23445
0	10.4044	6.93624
34.2315	3.10774	4.62794
20.9363	24.4701	11.6733
24.885	19.3647	17.9335
0	10.4044	20.8087
31.3283	2.19874	16.0746
6.34187	10.2795	27.8051
19.9418	10.1354	31.7151
28.5463	7.80547	6.87043
31.4568	15.7535	33.3245
0	13.8725	6.93624
0.396439	13.5474	10.7026
32.022	12.8629	16.2787
31.3889	19.7612	19.1475
25.6516	13.0246	23.1564
21.406	4.03701	15.7464
0	13.8725	27.745
31.0539	8.70116	2.02993
0	17.3406	0
28.0359	13.7373	27.8518
30.1748	5.34504	1.76306
27.3626	11.244	4.2949
3.74476	21.8207	23.5478
6.93189	9.77892	14.0435
0	17.3406	20.8087
0.142835	17.9178	25.5916
25.4409	16.8106	20.7004
26.5464	22.2197	18.1479
10.3834	31.6441	34.6559
0	20.8087	3.46812
31.6245	26.8551	1.47415
0	20.8087	10.4044
0	20.8087	13.8725
0	20.8087	17.3406
27.8034	11.0935	25.5186
0.633353	22.5042	24.7587
33.6794	21.9393	30.228
30.3358	27.6932	23.9811
3.70526	23.9491	9.01291
32.9006	22.3991	6.00193
34.6561	16.9079	14.1021
1.99217	34.6706	10.1432
33.7995	23.7017	12.1209
31.6153	33.6296	18.2129
26.1951	27.7366	10.2208
33.0531	25.3222	23.5456
0	24.2768	27.745
6.7376	19.7898	21.2297
32.0781	1.31674	32.9481
31.2022	32.7536	31.0178
31.537	28.5017	15.5465
31.8737	32.8669	24.512
27.2682	31.7357	19.5582
0.290551	1.67844	24.5138
30.8785	31.7538	12.1066
30.2282	27.2313	28.1417
0	27.745	27.745
0.136311	27.3585	32.0658
0.119539	6.24402	6.76704
27.093	30.4088	12.672
23.1831	32.3096	32.3638
31.9149	26.6307	12.6893
31.2092	1.21981	12.7663
3.30212	24.2308	26.1538
0	31.2131	20.8087
4.74045	0.479803	17.4817
0.697827	31.2125	27.9833
31.3843	23.6053	8.91596
31.0233	1.18201	5.46754
3.36537	0.295245	32.2188
28.8969	28.6809	3.3435
28.9231	26.1803	14.7246
1.59274	6.72571	17.3031
28.619	25.174	9.80945
3.46812	0	20.8087
3.86104	34.4744	24.7822
3.24132	6.82254	21.6587
1.77907	31.2471	24.7
31.901	7.73747	29.7544
27.7663	30.9998	8.66851
3.46812	3.46812	6.93624
3.46812	3.46812	10.4044
30.4418	16.5593	15.0685
3.31703	3.59422	15.3711
28.186	0.066081	28.1175
3.46812	3.46812	24.2768
7.16399	10.2678	0.132368
0.181984	28.3285	22.5026
3.46812	6.93624	0
3.46812	6.93624	3.46812
3.46812	6.93624	6.93624
30.7887	12.46	13.1043
3.46812	6.93624	13.8725
34.0499	13.5124	19.526
31.9322	2.40519	25.6774
10.3546	7.21198	29.5816
3.46812	6.93624	27.745
10.3806	16.0819	34.4444
3.46812	10.4044	0
34.2328	12.9711	31.8445
31.2223	4.71621	33.2128
33.9686	17.6738	10.7321
3.46812	10.4044	13.8725
3.46812	10.4044	17.3406
24.9122	34.1844	20.626
2.21188	9.3793	24.0324
31.4285	14.7085	26.5932
3.29317	10.7199	26.799
1.48641	17.6567	31.0708
15.4741	14.2632	2.66877
31.9105	19.2727	2.19247
3.6473	14.2165	9.84664
3.46812	13.8725	13.8725
3.46812	13.8725	17.3406
3.46812	13.8725	20.8087
29.9231	23.2349	31.6507
1.10682	16.4655	3.29697
6.87917	7.76083	21.3753
28.3698	6.19683	20.7185
5.40597	18.3633	3.24806
29.6144	17.0994	7.33137
31.8831	9.00564	5.91901
3.46812	17.3406	13.8725
3.46812	17.3406	17.3406
33.2093	14.7673	22.7959
3.46812	17.3406	24.2768
3.46812	17.3406	27.745
31.497	33.2975	0.193348
27.4474	10.1674	12.7326
0.303239	13.6671	1.30905
3.46812	20.8087	6.93624
3.46812	20.8087	10.4044
28.5239	23.909	6.64011
3.46812	20.8087	17.3406
5.78736	5.95345	24.4565
29.5655	23.5175	17.8142
3.46812	20.8087	27.745
22.6375	13.0452	10.7236
31.1963	22.4292	25.7146
10.3009	34.4815	30.6016
31.6634	20.2914	8.46961
34.1815	6.70395	10.2641
30.3488	32.6192	15.2434
3.46812	24.2768	17.3406
5.15124	22.4649	19.8216
31.6885	24.1981	29.0318
7.06716	24.031	17.5842
5.17253	25.0971	33.9295
32.2489	2.46612	1.49497
33.0016	34.3498	10.4867
3.46812	27.745	6.93624
3.46812	27.745	10.4044
31.6795	30.0759	33.3608
3.5299	27.6238	16.0649
17.0953	27.6214	21.1961
3.77587	27.5243	22.8278
26.0943	21.5422	30.4073
3.46812	27.745	31.2131
3.46812	31.2131	0
3.46812	31.2131	3.46812
0.69576	24.78	14.9109
6.20757	28.3186	0.907785
6.96291	3.66189	22.0244
34.4968	24.4591	1.95501
1.11928	27.4664	18.8347
3.02197	19.5054	21.248
28.7624	27.3919	34.3864
32.0692	1.12952	22.5737
6.93624	0	0
14.1283	27.544	10.7659
29.8324	19.1073	12.6154
8.72276	1.04472	11.6935
10.7591	31.4919	6.99083
27.9102	26.5473	19.6079
3.69187	27.933	27.8328
6.93624	0	24.2768
6.93624	0	27.745
6.80643	34.5914	31.1462
3.16593	31.5603	30.4415
7.13601	2.09783	3.91098
0.521185	34.6554	34.6415
31.7484	2.09927	19.4131
6.93624	3.46812	13.8725
6.93624	3.46812	17.3406
3.73361	10.5242	21.0497
7.32107	21.6115	31.0675
6.93624	3.46812	27.745
14.1029	33.7033	27.837
6.93624	6.93624	0
7.18272	6.96163	3.74626
13.2196	17.5567	0.0512916
6.93624	6.93624	10.4044
27.5411	28.0234	6.51739
6.41487	6.83852	15.6534
3.35888	34.3907	29.0938
7.00279	10.4381	24.0191
6.93624	6.93624	27.745
13.8771	7.10107	0.214119
7.06318	6.71173	31.0674
6.93624	10.4044	3.46812
5.89725	9.09919	7.36681
6.93624	10.4044	10.4044
30.7388	32.6772	8.9675
3.04818	10.4677	10.1087
7.35701	11.2152	20.5907
3.08462	13.332	29.0293
2.86908	13.698	33.0061
6.93624	10.4044	31.2131
6.93624	13.8725	0
3.08201	7.15903	10.2282
6.93624	13.8725	6.93624
6.93624	13.8725	10.4044
6.89691	13.3606	14.6337
7.11899	14.216	18.1997
31.8941	11.3587	23.0035
6.93624	13.8725	24.2768
6.93624	13.8725	27.745
6.93624	13.8725	31.2131
6.93624	17.3406	0
3.50311	20.6868	3.04983
6.93624	17.3406	6.93624
6.93624	17.3406	10.4044
6.93624	17.3406	13.8725
26.4269	17.604	7.1922
6.68468	15.8021	21.1549
6.93624	17.3406	24.2768
34.5929	10.2139	34.4801
6.93624	17.3406	31.2131
25.8413	28.6688	1.09883
10.3908	13.955	31.9444
10.3539	21.2933	5.44992
7.15141	20.8741	8.96309
34.5893	24.1638	8.85045
7.59693	29.2034	11.0003
27.9755	19.2731	21.4494
6.93624	20.8087	24.2768
6.93624	20.8087	27.745
30.749	19.3401	29.3696
2.58261	23.9552	30.6923
0.0694687	27.1432	10.3545
6.93624	24.2768	6.93624
6.93624	24.2768	10.4044
6.93624	24.2768	13.8725
3.43356	22.4946	13.9758
32.5624	29.7525	29.7704
14.2087	17.2373	27.8884
6.93624	24.2768	27.745
0.075464	20.53	21.9069
14.9645	25.5398	2.70611
5.8645	27.9268	4.44405
0.0969291	34.2257	3.59259
7.63707	31.6749	6.43508
0.157224	2.74272	9.09696
6.93624	27.745	17.3406
6.93624	27.745	20.8087
10.7611	0.999805	34.1625
29.1441	3.06453	30.6934
6.93624	27.745	31.2131
6.93624	31.2131	0
1.97353	24.6097	5.39162
3.16075	31.5104	17.7768
34.0857	24.2594	18.0069
6.93624	31.2131	13.8725
0.770327	12.4579	15.0123
6.93624	31.2131	20.8087
6.93624	31.2131	24.2768
3.16212	22.2267	0.215668
6.93624	31.2131	31.2131
17.405	34.5213	0.0502926
11.6482	34.2758	2.8997
5.68788	4.65302	2.31631
11.7478	34.3124	10.2119
10.6031	31.6916	20.825
10.4044	0	17.3406
6.72734	34.5614	14.7851
10.4044	0	24.2768
10.2243	6.86511	21.8071
6.84147	27.4894	24.5122
8.36596	3.14493	0.251416
10.4044	3.46812	3.46812
10.4044	3.46812	6.93624
2.69578	31.2789	7.06177
10.4044	3.46812	13.8725
10.4044	3.46812	17.3406
10.4044	3.46812	20.8087
10.4044	3.46812	24.2768
10.4044	3.46812	27.745
10.4044	3.46812	31.2131
10.5506	6.4547	33.3609
10.4044	6.93624	3.46812
10.4044	6.93624	6.93624
9.09392	7.0248	13.3006
34.5063	29.1057	13.3355
10.4044	6.93624	17.3406
12.242	2.69434	11.0861
3.16417	13.7792	25.2206
6.5204	33.3983	3.38513
3.43074	16.9601	34.1009
3.19981	10.338	31.3155
10.4044	10.4044	3.46812
9.5809	10.5817	7.28957
10.4523	10.1835	10.3466
10.4044	10.4044	13.8725
10.4044	10.4044	17.3406
10.4044	10.4044	20.8087
10.4044	10.4044	24.2768
10.4044	10.4044	27.745
10.277	9.82733	32.3072
6.30058	20.8962	34.242
2.97223	16.1742	6.94021
10.4044	13.8725	6.93624
10.4044	13.8725	10.4044
10.4044	13.8725	13.8725
10.4044	13.8725	17.3406
10.4044	13.8725	20.8087
10.4044	13.8725	24.2768
10.4044	13.8725	27.745
9.77622	12.4141	0.646587
13.4575	20.644	31.3659
10.4044	17.3406	3.46812
10.4044	17.3406	6.93624
10.4044	17.3406	10.4044
10.4044	17.3406	13.8725
10.4044	17.3406	17.3406
10.4044	17.3406	20.8087
10.4044	17.3406	24.2768
10.4044	17.3406	27.745
10.4044	17.3406	31.2131
34.1095	18.0048	7.47862
10.545	20.4064	1.91274
6.32341	20.493	14.0772
10.4044	20.8087	10.4044
10.4044	20.8087	13.8725
10.4044	20.8087	17.3406
10.4044	20.8087	20.8087
10.4044	20.8087	24.2768
15.35	31.4006	30.7839
10.7308	21.1049	29.2685
8.78736	23.6665	0.00959208
14.1439	31.1401	10.5941
10.4044	24.2768	6.93624
10.4044	24.2768	10.4044
10.4044	24.2768	13.8725
10.4044	24.2768	17.3406
10.4044	24.2768	20.8087
10.4044	24.2768	24.2768
10.0671	23.6631	31.6732
6.90959	24.2314	22.1317
10.4641	27.7768	34.5442
9.77331	26.2815	2.74942
10.4044	27.745	6.93624
10.4044	27.745	10.4044
10.4044	27.745	13.8725
10.4044	27.745	17.3406
10.4044	27.745	20.8087
10.4044	27.745	24.2768
10.4044	27.745	27.745
10.4044	27.745	31.2131
3.53338	24.998	2.59174
18.5043	24.0895	3.33188
3.82744	2.55442	0.507984
10.4044	31.2131	10.4044
10.4044	31.2131	13.8725
10.4044	31.2131	17.3406
3.43775	31.5126	21.5384
10.4044	31.2131	24.2768
3.7284	5.12615	31.9024
10.4044	31.2131	31.2131
13.8725	0	0
8.76764	30.7346	3.26426
13.8725	0	6.93624
15.6742	34.6299	10.6578
12.1589	34.0329	13.5474
6.5365	27.8963	13.9326
8.64423	31.4211	28.4478
14.2537	34.6429	24.3619
14.1545	32.9278	20.8339
13.8725	0	31.2131
13.8725	3.46812	0
14.2666	2.25611	4.34656
20.1901	0.36957	10.0089
14.5037	3.81226	8.66319
14.1769	2.39296	14.0149
13.5133	4.32344	17.3041
13.8725	3.46812	20.8087
13.8725	3.46812	24.2768
13.8725	3.46812	27.745
13.8725	3.46812	31.2131
8.20249	13.7167	3.62054
4.04488	34.2166	7.2713
13.8725	6.93624	6.93624
12.6673	7.19626	10.845
13.8725	6.93624	13.8725
13.9118	8.11917	17.3961
13.8725	6.93624	20.8087
23.7978	6.28515	25.8339
13.8725	6.93624	27.745
13.8725	6.93624	31.2131
13.8725	10.4044	0
13.8191	5.53428	3.46631
13.8725	10.4044	6.93624
13.8725	10.4044	10.4044
13.8725	10.4044	13.8725
17.1428	17.7424	8.70833
13.8725	10.4044	20.8087
7.00634	3.3546	31.5532
13.8725	10.4044	27.745
13.8725	10.4044	31.2131
13.8725	13.8725	0
12.1835	13.3428	3.18546
13.8725	13.8725	6.93624
13.8725	13.8725	10.4044
13.8725	13.8725	13.8725
13.8725	13.8725	17.3406
13.8725	13.8725	20.8087
13.8725	13.8725	24.2768
13.8725	13.8725	27.745
13.8725	13.8725	31.2131
7.09991	24.2842	3.35978
13.8725	17.3406	3.46812
13.8725	17.3406	6.93624
13.8725	17.3406	10.4044
13.8725	17.3406	13.8725
6.98907	19.4768	17.4669
13.8725	17.3406	20.8087
13.769	17.698	24.3439
13.6689	24.308	27.6968
13.8725	17.3406	31.2131
7.15066	20.3071	5.26967
13.8725	20.8087	3.46812
13.7961	22.1037	7.12685
13.8725	20.8087	10.4044
13.8725	20.8087	13.8725
13.8725	20.8087	17.3406
13.8725	20.8087	20.8087
13.8725	20.8087	24.2768
13.8725	20.8087	27.745
9.09255	0.475838	7.00322
20.3757	27.607	27.3151
12.1566	23.9389	4.14422
21.07	23.6992	34.5669
13.8725	24.2768	10.4044
13.8725	24.2768	13.8725
13.8725	24.2768	17.3406
15.9016	24.3288	21.1994
13.8725	24.2768	24.2768
10.8551	20.9846	33.3263
13.8725	24.2768	31.2131
13.8725	27.745	0
18.8961	28.2211	10.5251
13.8725	27.745	6.93624
2.67747	24.9554	11.9079
7.31722	32.631	17.66
13.8725	27.745	17.3406
13.8725	27.745	20.8087
13.8725	27.745	24.2768
13.8725	27.745	27.745
13.8725	27.745	31.2131
13.8725	31.2131	0
13.1866	30.1346	4.00546
14.3984	31.2993	7.0497
2.31367	27.6622	0.0173104
13.8725	31.2131	13.8725
6.59804	27.5961	7.98356
20.6236	31.0415	15.1582
13.8725	31.2131	24.2768
17.9327	22.8767	30.7133
21.2386	22.9969	24.6696
20.7696	7.04333	27.8507
17.3406	0	3.46812
17.3406	0	6.93624
23.7503	32.6651	14.4364
17.3406	0	13.8725
17.3406	0	17.3406
17.3406	0	20.8087
18.1927	0.392429	24.6446
17.3406	0	27.745
17.3406	0	31.2131
10.3226	7.17357	25.0819
17.3406	3.46812	3.46812
17.3406	3.46812	6.93624
17.3406	3.46812	10.4044
17.3406	3.46812	13.8725
17.3406	3.46812	17.3406
17.3406	3.46812	20.8087
17.3406	3.46812	24.2768
17.3406	3.46812	27.745
17.3406	3.46812	31.2131
17.3406	6.93624	0
17.3406	6.93624	3.46812
17.3406	6.93624	6.93624
25.5159	7.44283	10.4818
17.3406	6.93624	13.8725
17.3406	6.93624	17.3406
17.3406	6.93624	20.8087
17.3406	6.93624	24.2768
17.3406	6.93624	27.745
17.3406	6.93624	31.2131
17.3406	10.4044	0
17.3406	10.4044	3.46812
17.3406	10.4044	6.93624
17.3406	10.4044	10.4044
17.3406	10.4044	13.8725
17.3406	10.4044	17.3406
7.62137	1.10433	19.2907
16.108	10.4681	24.0913
20.6786	18.5089	24.0678
24.3014	14.7947	32.2136
23.1332	13.7042	3.0872
14.2459	9.06546	3.28188
17.3406	13.8725	6.93624
17.3406	13.8725	10.4044
17.3406	13.8725	13.8725
17.3406	13.8725	17.3406
17.3406	13.8725	20.8087
17.3406	13.8725	24.2768
17.3406	13.8725	27.745
17.3406	13.8725	31.2131
17.3406	17.3406	0
17.068	17.0652	4.83109
27.4309	11.4651	9.14229
22.8886	18.0371	15.311
17.3406	17.3406	13.8725
31.7254	22.9575	21.2298
17.3406	17.3406	20.8087
17.3406	17.3406	24.2768
17.4767	17.252	27.6903
27.1743	19.7826	25.7131
16.7663	27.5141	26.5654
17.3406	20.8087	3.46812
23.0268	24.6415	14.3469
17.3406	20.8087	10.4044
20.5403	21.209	13.8739
17.3406	20.8087	17.3406
17.3406	20.8087	20.8087
17.3406	20.8087	24.2768
17.3406	20.8087	27.745
17.277	18.4749	31.1655
17.3406	24.2768	0
21.0619	31.0573	11.9911
17.3406	24.2768	6.93624
17.3406	24.2768	10.4044
17.3406	24.2768	13.8725
17.3406	24.2768	17.3406
17.4193	20.9965	13.9688
17.659	30.3238	24.4383
17.3406	24.2768	27.745
26.2152	32.6359	29.9887
17.3406	27.745	0
17.3406	27.745	3.46812
17.3406	27.745	6.93624
25.8487	17.7547	13.9237
17.3406	27.745	13.8725
17.3406	27.745	17.3406
27.0001	24.1769	13.0098
24.3221	24.8025	18.771
24.2065	22.8256	27.4972
24.0189	27.8285	4.83531
17.3406	31.2131	0
17.3406	31.2131	3.46812
23.6893	1.78216	13.8281
17.8504	31.8668	9.00634
17.3406	31.2131	13.8725
17.3406	31.2131	17.3406
17.3406	31.2131	20.8087
23.1643	27.7913	25.22
17.3406	31.2131	27.745
26.3512	26.7125	23.199
20.8087	0	0
20.7149	3.46365	0.0456687
21.4406	34.4619	5.39155
27.626	31.79	5.11032
20.8087	0	13.8725
20.8087	0	17.3406
20.8087	0	20.8087
13.9539	33.8039	17.4646
23.7485	30.012	29.1678
20.8087	0	31.2131
23.85	29.6749	17.2859
20.7342	3.55443	4.19281
21.2523	3.30184	7.48375
20.5928	3.84065	11.7119
21.6826	15.488	25.1369
27.9048	2.66059	20.9425
20.8087	3.46812	20.8087
20.8087	3.46812	24.2768
20.8087	3.46812	27.745
21.8071	3.06266	31.0399
20.8087	6.93624	0
20.8087	6.93624	3.46812
20.8087	6.93624	6.93624
20.8087	6.93624	10.4044
20.8087	6.93624	13.8725
20.2112	6.13424	18.3477
5.34475	6.66711	18.7704
20.9994	7.26888	23.6097
33.862	20.8672	34.3523
20.8087	6.93624	31.2131
29.6034	17.4904	26.1006
20.8087	10.4044	3.46812
20.8087	10.4044	6.93624
31.2611	11.6315	3.66556
30.2283	9.44471	14.2506
27.8543	13.9424	20.575
20.8087	10.4044	20.8087
20.885	11.5489	24.5135
20.8087	10.4044	27.745
28.2507	13.095	0.612936
21.2945	13.9439	0.142719
19.0561	13.9622	3.21465
20.8087	13.8725	6.93624
19.487	16.6865	10.9739
20.8087	13.8725	13.8725
28.5434	17.5938	17.7263
21.0914	13.5296	18.6365
13.8765	7.23226	24.2945
20.8087	13.8725	27.745
20.8087	13.8725	31.2131
20.8087	17.3406	0
20.8087	17.3406	3.46812
20.7825	17.5272	7.24635
31.6076	20.1829	15.3709
13.8939	17.703	17.335
20.1984	17.3374	18.7654
19.0582	27.2296	24.0454
29.2499	15.1126	23.7386
20.8087	17.3406	27.745
20.8087	17.3406	31.2131
17.0047	20.5513	34.1365
12.0407	24.2711	0.669112
20.1234	21.1349	6.59506
20.8087	20.8087	10.4044
31.439	28.2577	9.30237
20.8087	20.8087	17.3406
20.8087	20.8087	20.8087
27.6478	25.5573	30.5893
20.8087	20.8087	27.745
20.1134	20.5159	32.6344
27.6441	32.0288	34.1592
20.5152	20.894	1.50023
20.8087	24.2768	6.93624
4.51638	15.238	2.6315
20.513	28.9298	20.7596
20.8087	24.2768	17.3406
20.8087	24.2768	20.8087
24.3841	31.432	24.1299
20.8087	24.2768	27.745
20.8087	24.2768	31.2131
27.8223	34.5038	13.8939
20.8087	27.745	3.46812
20.8087	27.745	6.93624
22.3436	28.2013	10.2936
20.8087	27.745	13.8725
20.8087	27.745	17.3406
27.7739	29.1025	17.3478
19.367	31.5388	30.8031
28.8435	30.5712	23.616
20.8087	27.745	31.2131
20.8087	31.2131	0
20.8087	31.2131	3.46812
20.8087	31.2131	6.93624
26.6373	31.7298	15.9705
9.98666	4.87706	10.1816
20.8873	34.5634	27.1186
23.4637	30.8853	20.6513
20.8087	31.2131	24.2768
20.8087	31.2131	27.745
22.627	27.3925	34.6278
24.9581	0.330652	0.382544
31.121	8.58377	10.7573
25.9481	3.8805	31.7026
24.2768	0	10.4044
16.5819	20.2415	6.99779
24.2768	0	17.3406
28.9255	29.8402	30.8003
24.2768	0	24.2768
24.2768	0	27.745
30.904	32.7728	3.53581
31.8932	1.36459	29.126
24.2768	3.46812	3.46812
17.757	10.5028	27.0072
24.2768	3.46812	10.4044
1.6244	23.4516	20.7031
24.2768	3.46812	17.3406
24.2768	3.46812	20.8087
24.2768	3.46812	24.2768
24.3436	4.00797	28.2765
3.96626	3.56611	19.8767
24.1356	7.60339	33.8301
28.2825	0.326442	2.46441
26.0768	5.48372	7.56434
6.84775	3.41751	8.08755
24.377	8.02992	14.0296
24.2768	6.93624	17.3406
24.2768	6.93624	20.8087
17.0694	17.2754	16.9779
24.0257	7.19709	29.0593
31.3167	11.2082	33.6214
23.8483	4.4685	0.373541
24.2768	10.4044	3.46812
33.9929	9.59555	16.5625
23.0897	10.4113	17.4746
31.0657	3.69585	9.07187
3.12672	12.0228	6.87227
24.2768	10.4044	20.8087
24.2768	10.4044	24.2768
24.2768	10.4044	27.745
24.2768	10.4044	31.2131
0.065264	9.64516	3.28709
27.2067	6.71724	0.439175
24.2768	13.8725	6.93624
20.8952	10.292	15.0133
23.9662	11.4477	14.139
34.0075	17.2265	17.5466
33.4505	20.1339	27.4576
25.3031	16.458	24.0786
24.2768	13.8725	27.745
30.7845	11.6484	27.5646
24.2768	17.3406	0
24.2768	17.3406	3.46812
31.3633	4.55178	28.4134
24.2768	17.3406	10.4044
30.6207	22.7848	13.0925
24.5867	2.30304	7.20911
31.0581	15.4071	20.1111
32.4605	16.2361	29.6469
24.6364	17.845	27.3728
23.9382	19.0427	31.5068
24.2768	20.8087	0
24.2768	20.8087	3.46812
24.2768	20.8087	6.93624
24.2768	20.8087	10.4044
24.2768	20.8087	13.8725
26.1365	25.4624	16.0335
24.2768	20.8087	20.8087
24.2768	20.8087	24.2768
31.6117	19.408	23.7051
2.95788	3.216	29.3459
24.2768	24.2768	0
24.2768	24.2768	3.46812
24.2768	24.2768	6.93624
24.2768	24.2768	10.4044
30.9433	15.9267	11.2849
7.07965	28.6429	28.1266
27.0469	28.3298	26.2237
24.2768	24.2768	24.2768
23.9037	26.3578	28.3808
24.2768	24.2768	31.2131
24.3466	0.655817	30.9696
28.657	21.8373	28.1163
28.6612	0.560989	32.8321
33.6988	30.3414	1.59598
24.2768	27.745	13.8725
28.1663	20.9901	14.9954
24.2768	27.745	20.8087
28.0718	22.7604	22.8032
31.5964	29.7064	26.2898
28.6111	30.8787	27.6169
1.50942	27.9574	3.30421
24.3708	31.048	3.43547
24.2768	31.2131	6.93624
24.2768	31.2131	10.4044
31.5408	26.5786	18.56
28.1617	24.5221	25.633
3.58383	32.1456	14.4895
31.5829	4.46994	22.1414
17.7694	24.1609	24.0685
24.7156	34.3106	4.54154
31.2278	22.6265	0.285016
33.5558	30.7924	8.03513
27.745	0	6.93624
27.745	0	10.4044
34.533	27.7103	6.75961
27.745	0	17.3406
30.8164	29.8394	6.06864
27.745	0	24.2768
31.4563	6.09302	17.3746
29.5008	33.5086	21.4917
27.745	3.46812	0
23.9416	6.85515	4.22821
27.5565	4.75702	4.35616
33.8692	32.7892	14.1104
27.9462	3.41192	12.915
27.745	3.46812	17.3406
20.2286	14.513	22.2137
28.8886	3.46436	24.0571
27.745	3.46812	27.745
0.442878	12.086	23.9829
0.652052	8.76551	30.6959
28.0711	7.90381	3.6241
17.2082	28.285	30.2539
28.0999	5.46742	10.3736
27.745	6.93624	13.8725
27.745	6.93624	17.3406
27.8564	20.7622	6.37415
27.745	6.93624	24.2768
27.8203	7.5369	27.759
27.745	6.93624	31.2131
1.16055	4.41218	2.2013
30.3735	14.9127	2.1729
26.0699	14.172	10.9231
34.3941	10.216	11.9651
30.4978	4.76934	5.69581
2.57291	17.5225	10.0861
27.745	10.4044	20.8087
31.3656	5.29111	13.2052
24.6	13.9997	18.2941
27.745	10.4044	31.2131
34.4603	10.3413	26.6394
27.36	21.1604	1.7834
29.0932	12.7418	6.6322
31.7326	25.4043	4.64662
27.745	13.8725	13.8725
28.3529	14.1774	17.019
26.6706	10.266	16.0448
26.9748	17.6561	30.9699
21.8433	10.3819	34.6177
27.745	13.8725	31.2131
27.745	17.3406	0
24.0993	9.01224	8.07926
31.726	30.184	18.218
27.745	17.3406	10.4044
32.1247	15.2585	5.59957
30.9985	8.02627	22.1884
30.7656	9.94206	18.5932
3.52631	20.3038	31.2925
25.3121	28.2309	32.0818
21.6625	9.9747	11.2842
27.5047	23.4384	34.0169
29.6268	21.7738	3.82804
28.6674	18.1063	4.28386
27.745	20.8087	10.4044
